Winners: 1, 8, 16, 17, 18, 19, 20, 24, 34, 36, 40, 41, 44, 
Columns to be Dropped: [0, 2, 3, 4, 5, 6, 7, 9, 10, 11, 12, 13, 14, 15, 16, 21, 25, 26, 27, 28, 29, 30, 31, 37]


(15, 16, 17, 18, 20, 21, 22, 23, 24, 25, 26, 27, 28, 29, 30, 31, 32, 34, 37, 38, 39)
90.44

Highest Score: 89.39999999999999
Dropped Columns: [19, 20, 21, 22, 23, 24, 25, 26, 27, 28, 29, 30, 31, 32, 33, 35, 37, 38, 39, 42, 43]


Highest Score: 92.16000000000001
Dropped Columns: [0, 1, 2, 3, 4, 5, 6, 7, 9, 10, 11, 12, 13, 14, 15, 16, 17, 18, 21, 22, 25]

Highest Score: 92.80000000000001
Inputted Columns to Drop: [0, 1, 2, 3, 4, 5, 6, 7, 8, 9, 10, 11, 12, 13, 14, 15, 16, 17, 18, 21, 22, 25, 26, 27, 28, 29]
Dropped Columns: [0, 2, 3, 4, 5, 6, 7, 9, 10, 11, 12, 13, 14, 15, 16, 21, 25, 26, 27, 28, 29]

Highest Score: 89.46800000000002
Dropped Columns: [15, 16, 17, 18, 20, 21, 22, 23, 24, 25, 26, 27, 28, 29, 30, 31, 32, 33, 34, 35, 37]


