0   Name x 
1   1.01  
2   1.02 x
3   1.03 x
4   2.01
5   2.02
6   2.03
7   2.04
8   2.05
9   3.01 x
10  3.02 x
11  3.03 x
12  3.04 x
13  3.05 x
14  4.01 
15  4.02 x
16  4.03
17  4.04 x
18  4.05 x
19  4.06 x
20  4.07 x
21  4.08 x
22  4.09 x
23  4.1  x
24  4.11
25  4.12 x
26  5.01
27  5.02
28  5.03
29  5.04
30  6.01
31  6.02
32  6.03 x
33  6.04 x
34  6.05 x
35  6.06 x
36  6.07 x
37  7.01 x
38  7.02
39  7.03
40  7.04
41  7.05 x
42  7.06 x
43  7.07 x
44  7.08 x
45  8.01 x
46  8.02 x
47  8.03 x
48  8.04 x
49  8.05 x